4	150	ATG_CTG_149	ATG_CTG_147	ATG_CTG_145	ATG_CTG_143	ATG_CTG_141	ATG_CTG_139	ATG_CTG_137	ATG_CTG_135	ATG_CTG_133	ATG_CTG_131	ATG_CTG_129	ATG_CTG_127	ATG_CTG_125	ATG_CTG_123	ATG_CTG_121	ATG_CTG_119	ATG_CTG_117	ATG_CTG_115	ATG_CTG_113	ATG_CTG_111	ATG_CTG_109	ATG_CTG_107	ATG_CTG_105	ATG_CTG_103	ATG_CTG_101	ATG_CTG_99	ATG_CTG_97	ATG_CTG_95	ATG_CTG_93	ATG_CTG_91	ATG_CTG_89	ATG_CTG_87	ATG_CTG_85	ATG_CTG_83	ATG_CTG_81	ATG_CTG_79	ATG_CTG_77	ATG_CTG_75	ATG_CTG_73	ATG_CTG_71	ATG_CTG_69	ATG_CTG_67	ATG_CTG_65	ATG_CTG_63	ATG_CTG_61	ATG_CTG_59	ATG_CTG_57	ATG_CTG_55	ATG_CTG_53	ATG_CTG_51	ACT_CAA_149	ACT_CAA_147	ACT_CAA_145	ACT_CAA_143	ACT_CAA_141	ACT_CAA_139	ACT_CAA_137	ACT_CAA_135	ACT_CAA_133	ACT_CAA_131	ACT_CAA_129	ACT_CAA_127	ACT_CAA_125	ACT_CAA_123	ACT_CAA_121	ACT_CAA_119	ACT_CAA_117	ACT_CAA_115	ACT_CAA_113	ACT_CAA_111	ACT_CAA_109	ACT_CAA_107	ACT_CAA_105	ACT_CAA_103	ACT_CAA_101	ACT_CAA_99	ACT_CAA_97	ACT_CAA_95	ACT_CAA_93	ACT_CAA_91	ACT_CAA_89	ACT_CAA_87	ACT_CAA_85	ACT_CAA_83	ACT_CAA_81	ACT_CAA_79	ACT_CAA_77	ACT_CAA_75	ACT_CAA_73	ACT_CAA_71	ACT_CAA_69	ACT_CAA_67	ACT_CAA_65	ACT_CAA_63	ACT_CAA_61	ACT_CAA_59	ACT_CAA_57	ACT_CAA_55	ACT_CAA_53	ACT_CAA_51	ACT_CTG_149	ACT_CTG_147	ACT_CTG_145	ACT_CTG_143	ACT_CTG_141	ACT_CTG_139	ACT_CTG_137	ACT_CTG_135	ACT_CTG_133	ACT_CTG_131	ACT_CTG_129	ACT_CTG_127	ACT_CTG_125	ACT_CTG_123	ACT_CTG_121	ACT_CTG_119	ACT_CTG_117	ACT_CTG_115	ACT_CTG_113	ACT_CTG_111	ACT_CTG_109	ACT_CTG_107	ACT_CTG_105	ACT_CTG_103	ACT_CTG_101	ACT_CTG_99	ACT_CTG_97	ACT_CTG_95	ACT_CTG_93	ACT_CTG_91	ACT_CTG_89	ACT_CTG_87	ACT_CTG_85	ACT_CTG_83	ACT_CTG_81	ACT_CTG_79	ACT_CTG_77	ACT_CTG_75	ACT_CTG_73	ACT_CTG_71	ACT_CTG_69	ACT_CTG_67	ACT_CTG_65	ACT_CTG_63	ACT_CTG_61	ACT_CTG_59	ACT_CTG_57	ACT_CTG_55	ACT_CTG_53	ACT_CTG_51
Bly	1	0	0	0	0	0	0	0	0	0	0	0	0	0	0	0	0	0	0	0	0	0	0	0	0	0	0	0	0	0	0	0	0	0	0	0	0	0	0	0	0	0	0	0	0	0	0	0	0	0	0	0	0	0	0	0	0	0	0	0	0	0	0	0	0	0	0	0	0	0	0	0	0	0	0	0	0	0	0	0	0	0	0	0	0	0	0	0	0	0	0	0	0	0	0	0	0	0	0	0	0	0	0	0	0	0	0	0	0	0	0	0	0	0	0	0	0	0	0	0	0	0	0	0	0	0	0	0	0	0	0	0	0	0	0	0	0	0	0	0	0	0	0	0	0	0	0	0	0	0	0
Bly	2	0	1	1	0	0	0	0	0	0	0	0	0	1	0	0	0	0	0	0	0	1	1	1	0	0	0	0	0	1	0	0	0	0	1	0	0	1	0	0	0	0	0	1	0	0	0	0	0	1	1	0	1	1	1	0	0	1	0	1	0	0	1	1	1	0	1	0	1	1	0	1	0	0	0	0	0	1	1	0	1	1	1	0	1	1	0	1	0	0	0	1	1	0	1	0	0	0	1	0	1	1	0	0	1	0	0	0	0	1	0	0	1	0	0	1	0	1	0	1	0	0	0	1	0	0	1	1	0	1	1	1	0	1	1	0	0	1	1	1	0	1	0	0	1	0	1	0	0	0	1
Bly	3	0	1	1	0	1	0	0	0	0	0	0	0	0	0	0	0	0	0	0	0	1	1	1	0	0	0	0	0	1	0	0	0	0	1	0	0	1	0	0	0	0	0	1	0	1	0	0	0	1	1	0	1	1	1	0	1	1	0	0	1	1	1	1	0	1	1	1	0	1	1	1	0	1	0	0	0	1	1	0	1	0	1	0	1	1	0	1	0	0	0	1	1	0	0	1	1	0	1	0	1	1	0	0	0	1	1	0	0	1	0	0	1	0	0	1	0	1	0	1	0	0	0	1	0	0	1	1	0	1	1	1	0	1	0	0	0	0	1	1	0	0	0	0	1	0	1	0	0	0	0
Bly	4	0	0	1	0	0	0	0	0	0	1	0	0	0	0	0	0	0	0	0	0	0	1	1	0	0	0	0	0	1	0	0	0	0	1	0	0	1	0	0	0	0	0	1	0	0	1	0	0	1	1	0	1	1	0	0	0	1	0	0	0	0	1	0	1	0	1	0	1	1	0	1	0	0	0	0	0	1	1	0	1	0	1	0	1	1	0	0	0	0	0	1	1	0	0	1	1	0	0	0	1	1	0	0	0	1	1	0	0	1	0	0	1	0	0	1	0	0	0	1	0	0	0	1	0	0	0	0	0	1	0	1	0	1	0	0	0	0	1	1	0	0	0	0	1	0	1	0	0	0	1
Bly	5	0	0	0	0	0	0	0	0	0	0	0	0	0	0	0	0	0	0	0	0	1	0	1	0	0	0	0	0	1	1	0	0	0	1	0	0	1	0	0	0	0	0	1	0	0	0	0	0	1	1	0	1	1	0	0	1	0	0	0	0	0	1	1	0	0	1	1	0	1	0	0	0	0	0	0	0	1	1	0	1	0	1	0	0	1	0	1	0	0	0	1	1	0	0	1	1	0	1	0	1	1	0	0	0	0	0	0	0	1	0	0	0	0	0	1	0	0	0	1	0	0	0	1	0	0	1	0	0	1	0	1	0	1	0	0	0	1	1	1	0	0	0	0	1	0	1	0	0	0	0
Bly	6	0	0	0	0	0	0	0	0	0	0	0	0	0	0	0	0	0	0	0	0	0	0	0	0	0	0	0	0	0	0	0	0	0	0	0	0	0	0	0	0	0	0	0	0	0	0	0	0	0	0	0	0	0	0	0	0	0	0	0	0	0	0	0	0	0	0	0	0	0	0	0	0	0	0	0	0	0	0	0	0	0	0	0	0	0	0	0	0	0	0	0	0	0	0	0	0	0	0	0	0	0	0	0	0	0	0	0	0	0	0	0	0	0	0	0	0	0	0	0	0	0	0	0	0	0	0	0	0	0	0	0	0	0	0	0	0	0	0	0	0	0	0	0	0	0	0	0	0	0	0
Bly	7	0	1	1	0	0	0	0	0	0	0	0	0	0	0	0	0	0	0	0	0	1	1	1	0	0	0	0	0	1	0	0	0	0	1	0	0	1	0	0	0	0	0	1	0	1	0	0	0	0	1	0	1	1	1	0	1	1	0	0	0	1	0	0	0	0	0	0	1	1	1	0	0	0	0	0	0	1	1	0	1	0	1	0	1	1	0	0	0	0	0	1	1	0	0	0	0	0	1	0	1	1	0	0	0	1	1	0	0	1	0	0	1	0	0	1	0	1	0	1	0	0	0	1	0	0	1	1	0	1	1	1	0	1	0	0	0	0	1	1	0	0	0	0	1	0	1	0	0	0	1
Bly	8	0	1	1	0	0	0	0	0	0	1	0	0	0	0	0	0	0	0	0	0	1	1	1	1	0	0	0	0	1	0	0	0	0	1	0	0	1	0	0	0	0	0	1	0	0	1	0	1	1	1	0	1	1	1	0	1	1	0	1	1	1	1	1	0	1	1	1	0	1	1	1	0	1	0	0	1	1	1	0	1	0	1	0	1	1	0	1	0	0	0	1	1	0	0	1	1	1	1	0	1	0	0	0	0	0	0	0	0	0	1	0	0	0	0	0	0	0	0	0	0	0	0	0	0	1	0	0	0	0	0	0	0	0	0	0	0	0	0	0	0	0	0	0	0	0	0	0	0	0	0
Bly	9	0	0	1	0	0	0	0	0	0	1	0	0	0	0	0	0	0	0	0	0	1	0	1	0	0	0	0	0	1	0	0	0	0	1	0	0	1	0	0	0	0	1	1	0	0	1	0	0	0	1	0	1	1	0	0	0	1	0	0	1	0	1	1	0	1	1	0	1	1	0	1	0	0	0	0	0	1	1	0	1	0	1	0	0	1	0	1	0	0	0	1	1	0	1	0	0	0	1	0	1	1	0	0	0	1	1	0	0	1	0	0	1	0	0	0	0	1	0	1	0	0	0	1	0	0	0	1	0	1	0	1	0	1	0	0	0	0	1	1	0	0	0	0	1	0	1	0	0	0	1
Bly	10	0	0	1	0	0	0	0	0	0	0	0	0	0	0	0	0	0	0	0	0	1	1	1	0	0	0	0	0	1	0	0	0	0	1	0	0	1	0	0	0	0	0	1	0	1	0	0	0	1	1	0	1	1	0	0	0	1	0	0	1	1	0	1	0	0	0	1	0	1	0	1	0	0	0	0	0	1	1	0	1	0	1	0	1	1	0	1	0	0	0	1	1	0	0	0	0	0	1	0	1	1	0	0	1	1	1	0	0	1	0	0	1	0	0	1	0	1	0	1	0	0	0	1	0	0	1	1	0	1	1	1	0	1	0	0	0	0	1	1	0	0	0	0	1	0	1	0	0	0	1
Bly	11	0	0	1	0	0	0	0	0	0	1	0	0	0	0	0	0	0	0	0	0	1	1	1	0	0	0	0	0	1	0	0	0	0	1	0	0	1	0	0	0	0	0	1	0	0	1	0	0	1	1	0	1	1	0	0	0	1	0	0	1	0	1	0	0	0	1	1	0	1	0	1	0	0	0	0	0	1	1	0	1	0	1	0	0	1	0	0	1	0	0	1	1	0	0	0	0	0	1	0	1	1	0	0	1	1	1	0	0	1	0	0	1	0	0	1	0	1	0	1	0	0	0	1	0	0	1	1	0	1	0	1	0	0	1	0	0	0	1	1	0	0	0	0	1	0	1	0	0	0	1
Bly	12	0	0	1	0	0	0	0	0	0	0	0	0	0	0	0	0	0	0	0	0	1	1	1	0	0	0	0	0	1	0	0	0	0	1	0	0	1	0	0	0	0	0	1	0	0	0	0	0	1	1	0	1	1	1	0	0	1	0	0	0	0	1	0	0	0	0	1	0	1	0	1	0	0	0	0	0	1	1	0	1	0	1	0	1	1	0	0	1	0	0	1	1	0	0	0	0	0	1	0	1	1	0	0	1	1	1	0	0	1	0	0	1	0	0	1	0	1	0	1	0	0	0	1	0	0	1	0	0	1	0	1	0	0	1	0	0	0	1	1	0	0	0	0	1	0	1	0	0	0	1
Bly	13	0	0	1	0	0	0	0	0	0	0	0	0	0	0	0	0	0	0	0	0	1	1	1	0	0	0	0	0	1	0	0	0	0	1	0	0	0	0	0	0	0	0	1	0	0	0	0	0	0	1	0	0	0	0	0	0	0	0	0	0	0	0	0	0	0	0	0	0	0	0	0	0	0	0	0	0	0	0	0	0	0	0	0	0	0	0	0	0	0	0	0	0	0	0	0	0	0	0	0	0	1	0	0	0	1	1	0	0	1	0	0	1	0	0	1	0	1	0	1	0	0	0	1	0	0	1	1	0	1	1	1	0	0	1	0	0	1	1	1	0	0	0	0	1	0	1	0	0	0	1
Bly	14	0	0	1	0	0	0	0	0	0	0	0	0	0	0	0	0	0	0	0	0	1	0	0	0	0	0	0	0	1	0	0	0	0	1	0	0	1	0	0	0	0	0	1	0	1	0	0	0	1	1	0	1	1	0	0	0	1	0	0	0	1	1	0	0	0	0	0	0	1	0	0	0	0	0	0	0	1	1	0	1	0	1	0	0	1	0	1	0	0	0	1	1	0	0	0	0	0	1	0	1	1	0	0	1	1	1	0	0	1	0	0	1	0	0	1	0	1	0	1	0	0	0	1	0	0	1	1	0	1	1	1	0	1	0	0	0	0	1	1	0	0	0	0	1	0	1	0	0	0	0
Bly	15	0	0	1	0	0	0	0	0	0	0	0	0	0	0	0	0	0	0	0	0	1	1	1	0	0	0	0	0	1	0	0	0	0	1	0	0	1	0	0	0	0	1	1	0	1	0	0	0	1	1	0	1	1	0	0	0	1	0	0	1	0	1	1	0	1	0	0	1	1	0	1	0	0	0	0	0	1	1	0	1	0	1	0	0	1	0	0	0	0	0	1	1	0	0	1	1	0	1	0	1	0	0	0	0	0	0	0	0	1	0	0	0	0	0	0	0	0	0	0	0	0	0	1	0	0	0	0	0	1	0	1	0	1	0	0	0	0	1	0	0	0	0	0	0	0	1	0	0	0	0
Bly	16	0	0	1	0	0	0	0	0	0	1	0	0	0	0	0	0	0	0	0	0	1	0	1	0	0	0	0	0	1	0	0	0	0	1	0	0	1	0	0	0	0	1	0	0	1	0	0	0	1	1	0	1	1	0	0	0	1	0	0	1	1	0	1	0	0	1	1	0	1	1	1	0	0	0	0	0	1	1	0	1	0	1	0	0	1	0	0	1	0	0	1	1	0	0	1	1	1	1	0	1	1	0	0	0	1	1	0	0	1	0	0	1	0	0	1	0	1	0	1	0	0	0	1	0	0	1	0	0	1	0	1	0	0	0	0	0	0	1	1	0	0	0	0	1	0	1	0	0	0	0
Bly	17	0	0	1	0	0	0	0	0	0	0	0	0	0	0	0	0	0	0	0	0	1	0	1	0	0	0	0	0	1	0	0	0	0	1	0	0	1	0	0	0	0	0	1	0	1	0	0	0	0	1	0	1	1	0	0	0	1	0	0	1	0	1	1	0	0	1	0	0	1	0	1	0	0	0	0	0	1	1	0	1	0	1	0	0	1	0	0	1	0	0	1	0	0	0	0	0	0	1	0	1	1	0	0	0	1	1	0	0	1	0	0	1	0	0	1	0	1	0	0	0	0	0	1	0	0	1	0	0	1	0	1	0	0	0	0	0	0	1	1	0	0	0	0	1	0	1	0	0	0	0
Bly	18	0	0	1	0	0	0	0	0	0	0	0	0	0	0	0	0	0	0	0	0	1	0	1	0	0	0	0	0	1	0	0	0	0	1	0	0	1	0	0	0	0	0	1	0	1	0	0	0	1	1	0	1	1	0	0	0	1	0	0	0	1	1	1	0	0	1	0	0	1	1	1	0	0	0	0	0	1	1	0	1	0	1	0	0	1	0	0	1	0	1	1	1	0	0	0	0	0	1	1	0	1	0	0	0	1	1	0	0	1	0	0	1	0	0	1	0	1	0	1	0	0	0	1	0	0	1	1	0	1	0	1	0	0	0	0	0	0	1	1	0	0	0	0	1	0	1	0	0	0	0
Bly	19	0	0	1	0	0	0	0	0	0	1	0	0	0	0	1	1	0	0	0	0	1	1	1	1	0	0	0	0	1	0	0	0	0	1	0	0	1	0	0	0	0	0	1	0	0	0	0	0	1	1	0	1	1	1	0	1	1	0	0	1	0	1	0	1	1	1	1	1	1	1	1	0	1	0	0	0	1	1	0	1	0	1	0	1	1	0	1	0	0	0	1	1	0	1	1	1	0	1	0	1	1	0	1	1	1	1	0	0	1	0	1	1	0	0	1	0	1	0	1	0	0	0	1	0	0	1	1	0	1	1	1	0	1	1	0	1	0	1	1	1	0	0	0	1	0	1	0	0	0	1
Bly	20	0	0	1	0	0	0	0	0	0	1	0	0	0	0	0	0	0	0	0	0	0	0	1	0	0	0	0	0	1	0	0	0	0	1	0	0	1	0	0	0	0	0	1	0	0	1	0	0	1	1	0	1	1	0	0	1	1	0	0	1	0	1	1	0	1	1	1	1	1	1	1	0	0	0	0	0	1	1	0	1	0	1	0	1	1	0	1	0	0	0	1	1	0	1	1	1	0	1	0	1	0	0	0	0	0	0	0	0	0	0	0	0	0	0	0	0	0	0	0	0	0	0	0	0	0	0	0	0	0	0	0	0	0	0	0	0	0	0	0	0	0	0	0	0	0	0	0	0	0	0
Bly	21	0	0	1	0	0	0	1	0	0	0	0	0	0	0	0	0	0	0	0	0	1	0	1	0	0	0	1	0	1	0	0	0	0	1	0	0	1	0	0	0	0	0	1	0	0	0	0	0	1	1	0	1	1	0	0	0	1	0	0	0	1	0	1	0	1	1	0	1	1	0	1	0	0	0	0	0	1	1	0	1	0	1	0	1	1	0	1	0	0	0	1	1	0	0	1	1	0	1	0	1	0	0	0	0	0	0	0	0	1	0	0	0	0	0	0	0	0	0	0	0	0	0	1	0	0	0	0	0	1	0	1	0	1	0	0	0	0	1	0	0	0	0	0	1	0	1	0	0	0	0
Bly	22	0	0	0	0	0	0	0	0	0	0	0	0	0	0	0	0	0	0	0	0	0	0	0	0	0	0	0	0	0	0	0	0	0	0	0	0	0	0	0	0	0	0	0	0	0	0	0	0	0	0	0	0	0	0	0	0	0	0	0	0	0	0	0	0	0	0	0	0	0	0	0	0	0	0	0	0	0	0	0	0	0	0	0	0	0	0	0	0	0	0	0	0	0	0	0	0	0	0	0	0	0	0	0	0	0	0	0	0	0	0	0	0	0	0	0	0	0	0	0	0	0	0	0	0	0	0	0	0	0	0	0	0	0	0	0	0	0	0	0	0	0	0	0	0	0	0	0	0	0	0
Bly	23	0	0	1	0	0	0	0	0	0	0	0	0	0	0	0	0	0	0	0	0	1	1	1	0	0	0	0	0	1	0	0	0	0	1	0	0	1	0	0	0	0	0	1	0	1	0	0	0	1	1	0	1	1	0	0	0	1	0	0	1	1	0	1	0	0	0	1	1	1	0	0	0	0	0	0	0	1	1	0	1	0	1	0	0	1	0	0	0	0	0	1	1	0	1	0	0	0	1	0	1	1	0	0	0	1	1	0	0	1	0	0	1	0	0	1	0	0	1	1	0	0	0	1	0	0	0	0	0	1	0	1	0	0	0	0	0	0	1	1	0	0	0	0	1	0	1	0	0	0	0
Bly	24	0	0	1	0	0	0	0	0	0	0	0	0	0	0	0	0	0	0	0	0	1	0	1	0	0	0	0	0	1	0	0	0	1	1	0	0	1	0	0	0	0	0	1	0	1	0	0	0	0	1	0	1	1	0	0	0	1	0	0	1	0	1	1	0	1	1	0	1	1	0	1	0	0	0	0	0	1	0	0	1	0	1	0	0	1	0	0	0	0	0	0	1	0	1	0	0	0	1	0	1	1	0	0	0	0	0	0	0	1	0	0	1	0	0	1	0	0	0	1	0	0	0	1	0	0	0	0	0	1	0	1	0	1	0	0	0	0	1	1	0	0	0	0	1	0	1	0	0	0	0
Bly	25	0	0	0	0	0	0	0	0	0	0	0	0	0	0	0	0	0	0	0	0	0	0	0	0	0	0	0	0	0	0	0	0	0	0	0	0	0	0	0	0	0	0	0	0	0	0	0	0	0	0	0	1	1	0	0	0	1	0	0	1	0	1	0	0	0	1	1	0	1	0	1	0	0	0	0	0	1	1	0	1	0	1	0	1	1	0	0	0	0	0	0	1	0	1	0	0	0	1	0	1	0	0	0	0	0	0	0	0	1	0	0	0	0	0	0	0	0	0	0	0	0	0	1	0	0	0	0	0	1	0	1	0	1	0	0	0	0	1	0	0	0	0	0	0	0	1	0	0	0	0
Bly	26	0	0	1	0	0	0	0	0	0	0	0	0	0	0	0	0	0	0	0	0	1	0	1	0	0	0	0	0	1	0	0	0	0	1	0	0	1	0	0	0	0	0	1	0	0	0	0	0	1	1	0	1	1	0	0	0	1	0	0	1	1	1	1	0	1	0	1	0	1	0	0	0	0	0	0	0	1	1	0	1	0	1	0	0	1	0	1	0	0	0	1	1	0	1	0	0	0	1	0	1	1	0	0	0	0	0	0	0	1	0	0	1	0	0	1	0	1	0	1	0	0	0	1	0	0	1	1	0	1	0	1	0	1	0	0	0	0	1	1	0	0	0	0	1	0	1	0	0	0	0
Bly	27	0	0	1	0	0	0	0	1	0	0	0	0	0	0	0	0	0	0	0	0	1	1	1	0	0	0	1	0	1	0	0	0	0	1	0	0	1	0	0	0	0	0	1	0	1	0	0	0	0	1	0	1	1	0	0	0	1	0	0	1	1	1	1	1	0	1	1	0	1	0	0	0	0	0	0	0	1	0	0	1	0	1	0	0	1	0	0	0	0	0	1	1	0	0	1	1	0	1	0	1	1	0	0	0	1	1	0	0	1	0	0	1	0	0	1	0	1	0	1	0	0	0	1	0	0	1	0	0	1	1	1	0	1	0	0	0	0	1	1	0	0	0	0	1	0	1	0	0	0	1
Bly	28	0	1	1	0	0	0	0	0	0	0	0	0	0	0	0	0	0	0	0	0	1	1	1	0	0	0	0	0	1	0	0	0	0	1	0	0	1	0	0	0	0	0	1	0	0	0	0	0	1	1	0	1	1	0	0	0	1	0	0	0	0	1	1	0	1	0	0	1	1	0	1	0	0	0	0	0	1	1	0	0	0	1	0	1	1	0	1	0	0	1	0	1	0	0	0	0	0	1	0	1	1	0	0	1	1	1	0	0	1	0	0	0	0	0	1	0	1	0	1	0	1	0	1	0	1	1	0	0	1	0	1	0	1	0	0	0	1	1	1	0	1	0	0	1	0	1	0	0	0	0
Bly	29	0	0	1	0	0	0	0	0	0	0	0	0	0	0	0	0	0	0	0	0	1	1	1	0	0	0	0	0	1	0	0	0	1	1	0	0	0	0	0	0	0	0	1	0	0	0	0	0	0	1	0	1	1	0	0	0	1	0	0	1	0	1	1	0	0	1	1	0	1	1	0	0	0	0	0	0	1	1	0	1	0	1	0	1	1	0	0	0	0	0	1	1	0	1	0	0	0	1	0	1	1	0	0	0	0	0	0	0	1	0	0	1	0	1	0	0	1	0	0	0	0	0	1	0	0	0	0	0	1	0	1	0	1	0	0	0	0	1	0	0	0	0	0	1	0	1	0	0	0	0
Bly	30	0	0	1	0	0	0	0	0	0	1	0	0	0	0	0	0	0	0	0	0	1	0	1	0	0	0	0	0	1	0	0	0	0	1	0	0	1	0	0	0	0	1	1	0	0	0	0	0	0	1	0	1	1	0	0	0	1	0	0	1	1	1	1	0	1	0	1	0	1	0	1	0	0	0	0	0	1	1	0	1	0	1	0	0	1	0	0	0	0	0	1	1	0	0	1	1	0	1	0	1	0	0	0	0	1	1	0	0	1	0	0	1	0	0	0	0	0	0	1	0	0	0	1	0	0	0	0	0	1	0	1	0	0	0	0	0	0	1	0	0	0	0	0	1	0	1	0	0	0	0
Bly	31	0	1	1	0	0	0	0	0	0	0	0	0	0	0	0	0	0	0	0	0	1	1	1	0	0	0	0	0	1	0	0	0	0	1	0	0	1	0	0	0	0	0	1	0	0	1	0	0	1	1	0	1	1	1	0	0	1	0	0	1	0	1	1	1	0	1	1	0	1	1	1	0	0	0	0	0	1	1	0	1	0	1	0	0	1	0	0	0	0	0	1	1	0	0	1	1	0	1	0	1	1	0	0	1	1	1	0	0	1	0	0	1	0	0	1	0	1	0	1	0	0	0	1	0	0	1	1	0	1	1	1	0	1	0	0	0	1	1	1	0	0	0	0	1	0	1	0	0	0	1
Bly	32	0	1	1	0	0	0	0	0	0	1	0	0	0	0	0	0	0	0	0	0	1	1	1	0	0	0	0	0	1	0	0	0	0	1	0	0	1	0	0	0	0	0	1	0	0	0	0	0	1	1	0	0	1	0	0	0	0	0	0	0	0	1	0	0	0	0	0	0	1	0	0	0	0	0	0	0	1	0	0	0	0	0	0	1	1	0	0	0	0	0	0	1	0	0	0	0	0	1	0	1	1	0	0	1	1	0	0	0	1	0	0	1	0	0	1	0	1	0	1	0	0	0	1	0	1	1	1	0	1	0	1	0	1	0	0	0	0	1	1	0	0	0	0	1	0	1	0	0	0	0
Bly	33	0	0	1	0	0	0	0	0	0	1	0	0	1	0	0	0	0	0	0	0	1	1	1	0	0	0	0	0	1	0	1	0	0	1	0	0	1	0	0	0	0	0	1	0	1	0	0	1	1	1	0	1	1	1	0	0	1	0	0	1	0	0	1	0	0	1	1	1	1	0	1	0	1	0	0	0	1	1	0	1	0	1	0	1	1	0	1	0	0	0	1	1	0	1	1	1	0	1	0	1	1	0	0	0	1	1	0	0	1	0	0	1	0	0	1	0	1	0	1	0	0	0	1	0	0	1	1	0	1	0	1	0	1	0	0	1	0	1	1	0	1	0	0	1	0	1	0	0	0	1
Bre	1	0	0	1	0	0	0	0	0	0	1	0	0	0	0	0	0	0	0	0	0	1	1	1	0	0	0	0	0	1	0	1	0	0	1	0	0	1	0	0	0	0	0	1	1	1	0	0	0	1	1	0	1	1	0	0	0	1	0	0	0	1	1	1	0	1	1	1	1	0	1	1	0	1	0	0	0	1	1	0	1	0	1	0	0	1	0	0	1	0	0	1	1	0	0	1	1	0	1	0	1	1	0	0	1	1	1	0	0	1	0	0	1	0	0	1	0	1	0	0	0	0	0	1	0	0	1	0	0	1	0	1	0	1	0	0	0	0	1	1	0	0	0	0	1	0	1	0	0	0	1
Bre	2	0	0	1	0	0	0	0	0	0	0	0	0	0	0	0	0	0	0	0	0	1	1	1	0	0	0	0	0	1	0	0	0	0	1	0	0	1	0	0	0	0	0	1	1	1	0	0	0	1	1	0	1	1	0	0	0	1	0	0	0	0	1	0	0	0	0	0	1	1	0	0	0	0	0	0	0	1	1	0	1	0	1	0	0	1	0	0	1	0	0	0	1	0	0	0	0	0	1	0	1	1	0	0	1	1	1	0	0	1	0	0	1	0	0	1	0	1	0	1	0	0	0	1	0	0	1	0	0	1	1	1	0	1	0	0	0	0	1	1	0	0	0	0	1	0	1	0	0	0	1
Bre	3	0	0	0	0	0	0	0	0	0	0	0	0	0	0	0	0	0	0	0	0	0	0	0	0	0	0	0	0	0	0	0	0	0	0	0	0	0	0	0	0	0	0	0	0	0	0	0	0	0	0	0	0	0	0	0	0	0	0	0	0	0	0	0	0	0	0	0	0	0	0	0	0	0	0	0	0	0	0	0	0	0	0	0	0	0	0	0	0	0	0	0	0	0	0	0	0	0	0	0	0	0	0	0	0	0	0	0	0	0	0	0	0	0	0	0	0	0	0	0	0	0	0	1	0	0	0	0	0	0	0	0	0	0	0	0	0	0	0	0	0	0	0	0	0	0	0	0	0	0	0
Bre	4	0	0	1	0	0	0	0	0	0	0	0	0	0	0	0	0	0	0	0	0	1	1	1	0	0	0	0	0	1	0	0	0	0	1	0	0	1	0	0	0	0	1	1	1	1	0	0	0	1	1	0	1	1	0	0	0	1	0	0	1	1	1	1	0	1	1	1	1	1	1	0	0	0	0	0	0	1	1	0	1	0	1	0	0	1	0	0	1	0	0	1	1	0	0	1	1	0	1	0	1	1	0	0	1	0	1	0	0	1	0	0	1	0	0	1	0	1	0	0	0	0	0	1	0	0	1	0	0	1	0	1	0	1	0	0	0	0	1	1	0	0	0	0	1	0	1	0	0	0	1
Bre	5	0	0	1	0	0	0	0	0	0	0	0	0	0	0	0	0	0	0	0	0	0	1	1	0	0	0	0	0	0	0	0	0	0	1	0	0	1	0	0	0	0	0	1	1	1	0	0	0	0	1	0	1	1	0	0	0	1	0	0	1	1	1	1	0	1	1	1	1	1	1	0	0	0	0	0	0	1	1	0	1	0	1	0	0	1	0	0	1	0	0	1	1	0	0	1	1	0	1	0	1	0	0	0	0	0	1	0	0	1	0	0	1	0	0	1	0	1	0	0	0	0	0	1	0	0	1	0	0	1	0	1	0	1	0	0	0	0	1	1	0	0	0	0	1	0	1	0	0	0	1
Bre	6	0	1	1	0	0	0	0	0	0	0	0	0	0	0	0	0	0	0	0	0	1	1	1	0	0	0	0	0	1	0	1	0	0	1	0	0	1	0	0	0	0	0	1	1	1	0	0	0	1	1	0	1	1	0	0	0	1	0	0	0	1	1	1	0	0	0	0	1	1	0	0	0	0	0	0	0	1	1	0	1	0	1	0	0	1	0	1	1	0	0	1	1	0	0	0	0	0	1	0	1	0	0	0	0	1	1	0	0	1	0	0	0	0	0	1	0	1	0	1	0	0	0	1	0	0	1	0	0	1	1	1	0	1	0	0	0	0	1	1	0	0	0	0	1	0	1	0	0	0	0
Bre	7	0	1	1	0	0	0	0	0	0	0	0	0	0	0	0	0	0	0	0	0	1	1	1	0	0	0	0	0	0	0	0	0	0	1	0	0	1	0	0	0	0	0	1	1	1	0	0	0	1	1	0	1	1	0	0	0	1	0	0	0	0	1	0	0	0	0	0	1	1	0	0	0	0	0	0	1	1	0	1	0	1	1	0	0	1	0	0	1	0	0	0	1	0	0	0	0	0	1	0	1	1	0	0	1	1	1	0	0	1	0	0	1	0	0	1	0	1	0	1	0	0	0	1	0	0	1	0	0	1	1	1	0	1	0	0	0	0	1	1	0	0	0	0	1	0	1	0	0	0	0
Bre	8	0	0	1	0	0	0	0	0	0	0	0	0	0	0	0	0	0	0	0	0	0	0	1	0	0	0	0	0	1	0	1	0	0	1	0	0	1	0	0	0	0	1	1	0	1	0	0	0	1	1	0	1	1	0	0	0	1	0	0	1	1	1	1	0	0	1	1	1	1	1	0	0	0	0	0	0	1	1	0	1	0	1	0	0	1	0	0	1	0	0	1	1	0	0	1	1	0	1	0	1	1	0	0	1	1	1	0	0	1	0	0	1	0	0	1	0	1	0	0	0	0	0	1	0	0	1	0	0	1	0	1	0	1	0	0	0	0	1	1	0	0	0	0	1	0	1	0	0	0	0
Bre	9	0	0	1	0	0	0	0	0	0	0	0	0	0	0	0	0	0	0	0	0	1	1	1	0	0	0	0	0	1	0	1	0	1	1	0	0	1	0	0	0	0	1	1	1	1	0	0	0	1	1	0	1	1	0	0	0	1	0	0	1	1	1	1	0	1	1	1	1	1	1	0	0	0	0	0	0	1	1	0	1	0	1	0	0	1	0	0	1	0	0	1	1	0	0	1	1	0	1	0	1	1	0	0	1	1	1	0	0	1	0	0	1	0	0	1	0	1	0	0	0	0	0	1	0	0	1	0	0	1	0	1	0	1	0	0	0	0	1	1	0	0	0	0	1	0	1	0	0	0	1
Bre	10	0	0	1	0	0	0	0	0	0	0	0	0	0	0	0	0	0	0	0	0	1	1	1	0	0	0	0	0	1	0	0	0	0	1	0	0	1	0	0	0	0	0	1	1	1	0	0	0	0	1	0	0	0	0	0	0	0	0	0	0	0	0	0	0	0	0	0	0	0	0	0	0	0	0	0	0	0	0	0	0	0	0	0	0	0	0	0	0	0	0	0	0	0	0	0	0	0	0	0	0	0	0	0	0	0	0	0	0	0	0	0	0	0	1	0	0	0	0	0	0	0	0	0	0	0	0	0	0	0	0	0	0	0	0	0	0	0	0	0	0	0	0	0	0	0	0	0	0	0	0
Bre	11	0	0	1	0	0	0	0	0	0	0	0	0	0	0	0	0	0	0	0	0	1	1	1	0	0	0	0	0	1	0	0	0	0	1	0	0	1	0	0	0	0	0	1	1	1	0	0	0	0	1	0	1	1	0	0	0	1	0	0	1	1	1	1	0	0	0	0	1	1	0	0	0	0	0	0	0	1	1	0	1	0	1	0	0	1	0	0	1	0	0	1	1	0	0	0	0	0	1	0	1	1	0	0	1	1	1	0	0	1	0	0	1	0	0	1	0	1	0	0	0	0	0	1	0	0	1	0	0	1	0	1	0	1	0	0	0	0	1	1	0	0	0	0	1	0	1	0	0	0	1
Bre	12	0	0	1	0	0	0	0	0	0	0	0	0	0	0	0	0	0	0	0	0	1	1	1	0	0	0	0	0	1	0	0	0	0	1	0	0	1	0	0	0	0	0	1	1	1	0	0	0	1	1	0	1	1	1	0	0	1	0	0	1	1	1	1	0	1	1	1	0	1	1	1	0	1	0	0	0	1	1	0	1	0	1	0	1	1	0	0	1	0	0	1	1	0	0	1	1	0	1	0	1	1	0	0	0	1	1	0	0	1	0	1	1	0	0	1	0	1	0	1	0	0	0	1	0	0	1	0	0	1	1	1	0	1	1	0	0	0	1	1	0	0	0	0	1	0	1	0	0	0	1
Bre	13	0	0	1	0	0	0	0	0	0	0	0	0	0	0	0	0	0	0	0	0	1	1	1	0	0	0	0	0	1	0	0	0	0	1	0	0	1	0	0	0	0	0	1	1	1	0	0	0	1	1	0	1	1	0	0	0	1	0	0	0	1	1	1	0	0	0	1	1	1	0	0	0	0	0	0	0	1	1	0	1	0	1	0	0	1	0	0	1	0	0	1	1	0	0	0	0	0	1	0	1	1	0	0	1	1	1	0	0	1	0	0	1	0	0	1	0	1	0	1	0	0	0	1	0	0	1	0	0	1	1	1	0	1	0	0	0	0	1	1	0	0	0	0	1	0	1	0	0	0	1
Bre	14	0	0	1	0	0	0	0	0	0	0	0	0	0	0	0	0	0	0	0	0	1	1	1	0	0	0	0	0	1	0	0	0	0	1	0	0	1	0	0	0	0	0	1	1	1	0	0	0	1	1	0	1	1	0	0	0	1	0	0	0	1	1	1	0	0	0	1	1	1	0	1	0	0	0	0	0	1	1	0	1	0	1	0	1	1	0	0	1	0	0	1	1	0	0	1	1	0	1	0	1	1	0	0	1	1	1	0	0	1	0	0	1	0	0	1	0	1	0	0	0	0	0	1	0	0	1	0	0	1	1	1	0	1	0	0	0	0	1	1	0	0	0	0	1	0	1	0	0	0	0
Bre	15	0	0	1	0	0	0	0	0	0	0	0	0	0	0	0	0	0	0	0	0	1	1	1	0	0	0	0	0	1	0	0	0	0	1	0	0	1	0	0	0	0	0	1	1	1	0	0	0	1	1	0	1	1	1	0	0	1	0	0	0	1	1	1	0	0	0	1	1	1	0	0	0	0	0	0	0	1	1	0	1	0	1	0	0	1	0	0	1	0	0	1	1	0	0	0	0	0	1	0	1	1	0	0	1	1	1	0	0	1	0	0	1	0	0	1	0	1	0	0	0	0	0	1	0	0	1	0	0	1	1	1	0	1	0	0	0	0	1	1	0	0	0	0	1	0	1	0	0	0	0
Bre	16	0	0	1	0	0	0	0	0	0	0	0	0	0	0	0	0	0	0	0	0	1	1	1	0	0	0	0	0	0	0	0	0	0	1	0	0	1	0	0	0	0	0	1	1	1	0	0	0	1	1	0	1	1	1	0	1	1	0	0	1	1	1	1	0	1	1	1	0	1	1	1	0	1	0	0	0	1	1	0	1	0	1	0	1	1	0	1	1	0	0	1	1	0	0	1	1	0	1	0	1	1	0	1	1	1	1	0	0	1	0	1	1	0	0	1	0	1	0	1	0	0	0	1	0	0	1	0	0	1	1	1	0	1	1	0	0	0	1	1	0	0	0	0	1	0	1	0	0	0	1
Bre	17	0	0	0	0	0	0	0	0	0	0	0	0	0	0	0	0	0	0	0	0	1	1	1	0	0	0	0	0	1	0	1	0	0	1	0	0	0	0	0	0	0	0	1	1	1	0	0	0	1	1	0	1	1	0	0	0	1	0	0	1	0	1	1	0	0	0	1	1	1	0	0	0	0	0	0	0	1	1	0	1	0	1	0	0	1	0	0	1	0	0	1	1	0	0	0	0	0	1	0	1	1	0	0	1	1	1	0	0	1	0	1	1	0	0	1	0	1	1	1	0	0	0	1	0	0	1	0	0	1	1	1	0	1	1	0	0	0	1	1	0	0	0	0	1	0	1	0	0	0	1
Bre	18	0	0	1	0	0	0	0	0	0	0	0	0	0	0	0	0	0	0	0	0	1	0	1	0	0	0	0	0	1	0	0	0	0	1	0	0	1	0	0	0	0	0	1	0	1	0	0	0	1	1	0	1	1	0	0	0	1	0	0	1	1	1	1	0	0	0	1	1	1	0	0	0	0	0	0	0	1	1	0	1	0	1	0	1	1	0	0	1	0	0	1	1	0	0	0	0	0	1	0	1	1	0	0	1	1	1	0	0	1	0	0	1	0	0	1	0	1	0	0	0	0	0	1	0	0	1	0	0	1	0	1	0	1	0	0	0	0	1	1	0	0	0	0	1	0	1	0	0	0	1
Bre	19	0	0	1	0	0	0	0	0	0	0	0	0	0	0	0	0	0	0	0	0	1	1	0	0	0	0	0	0	1	0	0	0	0	1	0	0	1	0	0	0	0	0	1	1	1	0	0	0	1	1	0	1	1	1	0	1	1	0	0	1	1	1	1	0	1	1	1	1	1	1	1	0	1	0	0	0	1	1	0	1	0	1	0	1	1	0	0	1	0	0	1	1	0	0	1	1	0	1	0	1	1	0	0	1	1	1	0	0	1	0	0	1	0	0	1	0	1	0	0	0	0	0	1	0	0	1	0	0	1	1	1	0	1	0	0	0	0	1	1	0	0	0	0	1	0	1	0	0	0	1
Bre	20	0	0	1	0	0	0	0	0	0	0	0	0	0	0	0	0	0	0	0	0	1	1	1	0	0	0	0	0	1	0	0	0	0	1	0	0	1	0	0	0	0	0	1	1	1	0	0	0	1	1	0	1	1	0	0	0	1	0	0	1	1	1	1	0	0	0	1	1	1	0	0	0	0	0	0	0	1	1	0	1	0	1	0	1	1	0	0	1	0	0	1	1	0	0	0	0	0	1	0	1	1	0	0	1	0	1	0	0	1	0	0	1	0	0	1	0	1	0	1	0	0	0	1	0	0	1	0	0	1	1	1	0	1	0	0	0	0	1	1	0	0	0	0	1	0	1	0	0	0	1
Bre	21	0	0	1	0	0	0	0	0	0	0	0	0	0	0	0	0	0	0	0	0	1	1	1	0	0	0	0	0	1	0	0	0	0	1	0	0	1	0	0	0	0	0	0	1	1	0	0	0	1	1	0	1	1	0	0	0	1	0	0	1	1	1	1	0	0	0	1	1	1	0	0	0	0	0	0	0	1	1	0	1	0	1	0	1	1	0	0	1	0	0	1	1	0	0	0	0	0	1	0	1	1	0	0	1	1	1	0	0	1	0	0	0	0	0	1	0	1	0	1	0	0	0	1	0	0	1	0	0	1	1	1	0	1	0	0	0	0	1	1	0	0	0	0	1	0	1	0	0	0	1
Bre	22	0	0	1	0	0	0	0	0	0	1	0	0	0	0	0	0	0	0	0	0	1	1	1	0	0	0	0	0	1	0	0	0	1	1	0	0	1	0	0	0	0	1	1	1	1	0	0	0	1	1	0	1	1	1	0	1	1	0	0	1	1	1	1	0	1	1	1	1	1	1	1	0	1	0	0	0	1	1	0	1	0	1	0	1	1	0	0	1	0	0	1	1	0	0	1	1	0	1	0	1	1	0	0	1	1	1	0	0	1	0	0	1	0	1	1	0	1	0	0	0	0	0	1	0	0	1	0	0	1	0	1	0	1	0	0	0	0	1	1	0	0	0	0	1	0	1	0	0	0	0
Bre	23	0	0	0	0	0	0	0	0	0	0	0	0	0	0	0	0	0	0	0	0	0	0	0	0	0	0	0	0	0	0	0	0	0	0	0	0	0	0	0	0	0	0	0	0	0	0	0	0	0	0	0	0	0	0	0	0	0	0	0	0	0	0	0	0	0	0	0	0	0	0	0	0	0	0	0	0	0	0	0	0	0	0	0	0	0	0	0	0	0	0	0	0	0	0	0	0	0	0	0	0	0	0	0	0	0	0	0	0	0	0	0	0	0	1	0	0	0	0	0	0	0	0	0	0	0	0	0	0	0	0	0	0	0	0	0	0	0	0	0	0	0	0	0	0	0	0	0	0	0	0
Bre	24	0	1	1	0	0	0	0	0	0	0	0	0	0	0	0	0	0	0	0	0	1	1	1	0	0	0	0	0	1	0	1	0	0	1	0	0	1	0	0	0	0	0	1	1	1	0	0	0	1	1	0	1	1	0	0	0	1	0	0	0	1	1	1	0	0	0	0	1	1	0	0	0	0	0	0	0	1	1	0	1	0	1	0	0	1	0	0	1	0	0	0	1	0	0	0	0	0	1	0	1	1	0	0	1	1	1	0	0	1	0	0	0	0	0	1	0	1	0	0	0	0	0	1	0	0	1	0	0	1	1	1	0	1	0	0	0	0	1	1	0	0	0	0	1	0	1	0	0	0	0
Bre	25	0	0	1	0	0	0	0	0	0	0	0	0	0	0	0	0	0	0	0	0	1	1	1	0	0	0	0	0	1	0	0	0	0	1	0	0	1	0	0	0	0	0	1	1	1	0	0	0	1	1	0	1	1	1	0	0	1	0	0	1	1	1	1	1	0	0	1	1	1	1	1	0	0	0	0	0	1	1	0	1	0	1	0	1	1	0	1	1	0	0	1	1	0	0	1	1	0	1	0	1	1	0	0	0	1	1	0	0	1	0	1	1	0	0	1	0	1	0	1	0	0	0	1	0	0	1	0	0	1	1	1	0	1	1	0	0	0	1	1	1	0	0	0	1	0	1	0	0	0	1
Bre	26	0	0	1	0	0	0	0	0	0	0	0	0	0	0	0	0	0	0	0	0	1	1	1	0	0	0	0	0	1	0	0	0	0	1	0	0	1	0	0	0	0	0	1	1	1	0	0	0	0	1	0	1	1	0	0	0	1	0	0	1	0	1	1	0	0	1	1	1	1	1	0	0	0	0	0	0	1	1	0	1	0	1	0	0	1	0	0	1	0	0	1	1	0	0	1	1	0	1	0	1	0	0	0	0	1	1	0	0	1	0	0	1	0	0	0	0	0	0	0	0	0	0	1	0	0	0	0	0	1	0	1	0	1	0	0	0	0	1	1	0	0	0	0	1	0	1	0	0	0	0
Bre	27	0	0	1	0	0	0	0	0	0	1	0	0	0	0	0	0	0	0	0	0	1	1	0	0	0	0	0	0	1	0	1	0	1	1	0	0	1	0	0	0	0	1	1	1	1	0	0	0	1	1	0	1	1	0	0	0	1	0	0	1	0	1	1	0	1	1	1	1	1	1	1	0	1	0	0	0	1	1	0	1	0	1	0	1	1	0	0	1	0	0	1	1	0	0	1	1	0	1	0	1	1	0	0	1	1	1	0	0	1	0	0	1	0	0	1	0	1	0	0	0	0	0	1	0	0	1	0	0	1	1	1	0	1	0	0	0	0	1	1	0	0	0	0	1	0	1	0	0	0	0
Bre	28	0	0	1	0	0	0	0	0	0	0	0	0	0	0	0	0	0	0	0	0	1	1	1	0	0	0	0	0	1	0	0	0	0	1	0	0	1	0	0	0	0	0	1	1	1	0	0	0	1	1	0	1	1	0	0	0	1	0	0	1	1	1	1	0	0	0	1	1	1	0	0	0	0	0	0	0	1	1	0	1	0	1	0	0	1	0	0	1	0	0	1	1	0	0	0	0	0	1	0	1	1	0	0	1	1	1	0	0	1	0	0	1	0	0	1	0	1	0	0	0	0	0	1	0	0	1	0	0	1	0	1	0	1	0	0	0	0	0	1	0	0	0	0	1	0	1	0	0	0	0
Bre	29	0	0	1	0	0	0	0	0	0	0	0	0	0	0	0	0	0	0	0	0	1	1	1	0	0	0	0	0	1	0	0	0	0	1	0	0	1	0	0	0	0	0	1	1	1	0	0	0	1	1	0	1	1	0	0	0	1	0	0	1	1	1	1	0	0	0	0	1	1	0	0	0	0	0	0	0	1	1	0	1	0	1	0	1	1	0	0	1	0	0	1	1	0	0	0	0	0	1	0	1	1	0	0	1	1	1	0	0	1	0	1	1	0	0	1	0	1	1	1	0	0	0	1	0	0	1	0	0	1	1	1	0	1	0	0	0	0	1	1	0	0	0	0	1	0	1	0	0	0	1
Bre	30	0	0	1	0	0	0	0	0	0	0	0	0	0	0	0	0	0	0	0	0	1	1	0	0	0	0	0	0	1	0	0	0	0	1	0	0	1	0	0	0	0	0	1	1	1	0	0	0	1	1	0	1	1	0	0	0	1	0	0	0	1	1	1	0	0	0	1	1	1	0	0	0	0	0	0	0	1	1	0	1	0	1	0	0	1	0	0	1	0	0	1	1	0	0	0	0	0	1	0	1	0	0	0	0	1	0	0	0	1	0	0	0	0	0	0	0	0	0	0	0	0	0	1	0	0	0	0	0	1	0	1	0	1	0	0	0	0	1	0	0	0	0	0	1	0	1	0	0	0	0
Bre	31	0	0	1	0	0	0	0	0	0	0	0	0	0	0	0	0	0	0	0	0	1	1	1	0	0	0	0	0	1	0	0	0	0	1	0	0	1	0	0	0	0	0	1	1	1	0	0	0	1	1	0	1	1	1	0	0	1	0	0	1	1	1	1	0	0	1	1	1	1	1	1	0	1	0	0	0	1	1	0	1	0	1	0	1	1	0	0	1	0	0	1	1	0	0	1	1	0	1	0	1	1	0	0	1	1	1	0	0	1	0	0	1	0	0	1	0	1	0	1	0	0	0	1	0	0	1	0	0	1	1	1	0	1	0	0	0	0	1	1	0	0	0	0	1	0	1	0	0	0	1
Bre	32	0	1	1	0	0	0	0	0	0	0	0	0	0	0	0	0	0	0	0	0	1	1	1	0	0	0	0	0	1	0	0	0	0	1	0	0	1	0	0	0	0	0	1	1	1	0	0	0	1	1	0	1	1	0	0	0	1	0	0	1	1	1	1	0	0	0	1	1	1	0	0	0	0	0	0	0	1	1	0	1	0	1	0	1	1	0	0	1	0	0	1	1	0	0	0	0	0	1	0	1	1	0	0	1	1	1	0	0	1	0	0	1	0	0	1	0	1	1	1	0	0	0	1	0	0	1	0	0	1	1	1	0	1	0	0	0	0	1	1	0	0	0	0	1	0	1	0	0	0	1
Bre	33	0	0	1	0	0	0	0	0	0	0	0	0	0	0	0	0	0	0	0	0	1	1	1	0	0	0	0	0	1	0	1	0	0	1	0	0	1	0	0	0	0	0	1	1	1	0	0	0	0	1	0	1	1	0	0	0	1	0	0	1	1	1	1	0	0	0	1	1	1	0	0	0	0	0	0	0	1	1	0	1	0	1	0	1	1	0	0	1	0	0	1	1	0	0	0	0	0	1	0	1	1	0	0	1	1	1	0	0	1	0	0	1	0	0	1	0	1	0	0	0	0	0	1	0	0	1	0	0	1	1	1	0	1	0	0	0	0	1	1	0	0	0	0	1	0	1	0	0	0	1
Ivo	1	0	0	1	0	0	0	0	0	0	1	0	0	0	0	0	0	0	0	0	0	1	1	1	0	0	0	0	0	1	1	0	0	1	1	0	0	1	0	0	0	1	0	1	0	1	1	0	0	0	1	0	1	1	0	0	0	1	0	0	1	0	1	0	0	1	1	1	0	1	1	1	0	1	0	0	0	1	1	0	0	0	1	0	0	1	0	1	0	0	0	1	1	0	0	1	1	0	1	0	1	1	0	0	0	1	1	0	0	1	0	0	1	0	1	0	0	1	0	0	0	0	0	1	0	0	0	0	0	1	0	1	0	1	0	0	0	0	1	1	0	0	0	0	1	0	1	0	0	0	0
Ivo	2	0	1	1	0	0	0	0	0	0	0	0	0	0	0	0	0	0	0	0	0	1	0	1	0	0	0	0	0	1	0	0	0	0	1	0	0	1	0	0	0	0	0	1	0	0	0	0	0	1	1	0	1	1	0	0	0	1	0	0	1	0	1	1	0	1	0	0	1	1	0	1	0	0	0	0	0	1	0	0	1	0	1	0	1	1	0	1	0	0	0	1	1	0	0	0	0	0	1	0	1	1	0	0	0	1	1	0	0	1	0	0	1	0	0	1	0	1	0	0	0	0	0	1	0	0	0	1	0	1	0	1	0	1	0	0	0	0	1	1	0	0	0	0	1	0	1	0	0	0	0
Ivo	3	0	0	1	0	0	0	1	0	0	0	0	0	0	0	0	0	0	0	0	0	1	1	0	1	0	0	0	0	1	0	0	1	0	1	0	0	1	0	0	0	1	0	1	1	0	1	0	0	1	1	0	1	1	1	0	1	1	0	1	1	0	1	1	0	1	1	1	0	1	1	1	0	1	0	0	0	1	1	0	1	0	1	0	1	1	0	1	1	0	0	1	1	0	0	1	1	0	1	0	1	0	0	0	1	1	1	0	0	1	0	0	1	0	0	1	0	1	0	1	0	0	0	1	0	0	1	1	0	1	1	1	0	1	1	0	0	0	1	1	1	0	0	0	1	0	1	0	0	0	1
Ivo	4	0	0	1	0	0	0	0	0	0	1	0	0	0	0	0	0	0	0	1	0	1	1	1	0	0	0	0	0	1	0	0	0	1	1	0	0	1	0	0	0	1	1	1	0	1	0	0	0	1	1	0	1	1	0	0	1	1	0	1	1	0	1	1	0	1	1	1	0	1	0	1	0	1	0	0	0	1	1	0	0	0	1	0	0	1	0	1	0	0	0	1	1	0	0	1	1	0	1	0	1	1	0	0	1	0	0	0	0	1	0	0	1	0	0	1	0	1	0	0	0	0	0	1	0	0	0	0	0	1	0	1	0	1	0	0	0	0	1	1	0	0	0	0	1	0	1	0	0	0	0
Ivo	5	0	0	0	0	0	0	0	0	0	0	0	0	0	0	0	0	0	0	0	0	1	1	1	0	0	0	0	0	1	0	0	0	0	1	0	0	1	0	0	0	0	0	1	0	1	0	0	0	0	1	0	1	1	0	0	0	1	0	0	1	0	1	1	0	0	1	1	0	1	0	1	0	0	0	0	0	1	1	0	1	0	1	0	1	1	0	1	0	0	1	1	1	0	0	0	0	0	1	1	0	1	0	0	0	0	0	0	0	1	0	0	1	0	0	1	0	1	0	0	0	0	0	1	0	0	0	0	0	1	0	1	0	0	0	0	0	0	1	1	0	0	0	0	1	0	1	0	0	0	0
Ivo	6	0	0	1	0	0	0	0	0	0	0	0	0	0	0	0	0	0	0	0	0	1	0	1	0	0	0	0	0	1	0	0	0	0	1	0	0	1	0	0	0	1	0	1	0	1	0	0	0	1	1	0	1	1	0	0	0	1	0	0	1	0	1	1	0	1	1	0	1	1	0	1	0	0	0	0	0	1	1	0	1	0	1	0	1	1	0	1	1	0	0	1	1	0	0	0	0	0	1	0	1	1	0	0	1	0	0	0	0	1	0	0	1	0	0	1	0	1	0	1	0	0	0	1	0	0	1	1	0	1	0	1	0	1	0	0	0	0	1	1	0	0	0	0	1	0	1	0	0	0	0
Ivo	7	0	0	1	0	0	0	0	0	0	0	0	0	0	0	0	0	0	0	0	0	1	1	0	0	0	0	0	0	1	0	0	0	0	1	0	0	1	0	0	0	1	0	1	0	1	0	0	0	1	1	0	1	1	1	0	1	1	0	0	0	0	1	0	0	0	0	0	1	1	0	0	0	0	0	0	0	1	1	0	1	0	1	0	1	1	0	1	1	0	0	1	1	0	0	1	1	0	1	0	1	1	0	0	1	0	0	0	0	1	0	0	1	0	0	1	0	1	0	1	0	0	0	1	0	0	1	1	0	1	1	1	0	1	0	0	0	0	1	1	0	0	0	0	1	0	1	0	0	0	0
Ivo	8	0	0	1	0	0	0	0	0	0	0	0	0	0	0	0	0	0	0	0	0	1	1	1	0	0	0	0	0	1	0	0	0	0	1	0	0	1	0	0	0	1	0	1	0	1	0	0	0	1	1	0	1	1	0	0	0	1	0	0	1	0	1	0	0	1	0	1	0	1	0	1	0	0	0	0	0	1	1	0	1	0	1	0	0	1	0	1	0	0	0	1	1	0	0	0	0	0	1	0	1	1	0	0	1	1	1	0	0	1	0	0	1	0	0	1	0	1	0	1	0	0	0	1	0	0	1	1	0	1	1	1	0	1	0	0	0	0	1	1	0	0	0	0	1	0	1	0	0	0	0
Ivo	9	0	0	1	0	0	0	0	0	0	0	0	0	0	0	0	0	0	0	0	0	1	1	1	0	0	0	0	0	1	0	0	0	0	1	0	0	1	0	0	0	1	0	1	0	1	0	0	0	1	1	0	1	1	0	0	0	1	0	0	1	0	1	1	0	1	0	0	0	1	0	1	0	0	0	0	0	1	1	0	0	0	1	0	0	1	0	1	0	0	0	1	1	0	0	0	0	0	1	0	1	1	0	0	1	0	0	0	0	1	0	0	1	0	0	1	0	1	0	1	0	0	0	1	0	0	1	1	0	1	1	0	0	1	0	0	0	1	1	1	0	0	0	0	1	0	1	0	0	0	1
Ivo	10	0	0	1	0	0	0	0	0	0	1	0	0	0	0	0	0	0	0	0	0	1	1	1	0	0	0	0	0	1	0	0	0	0	1	0	0	1	0	0	0	0	0	1	0	1	0	0	0	1	1	0	1	1	1	0	1	1	0	0	1	0	1	1	0	1	1	0	1	1	0	1	0	1	0	0	0	1	1	0	1	0	1	0	1	1	0	1	1	0	0	1	1	0	0	1	1	0	1	0	1	1	0	0	1	0	1	0	0	1	0	1	1	0	1	0	0	1	0	1	0	0	0	1	0	0	1	1	0	1	0	1	0	1	0	0	0	0	1	1	0	0	0	0	1	0	1	0	0	0	1
Ivo	11	0	0	1	0	0	0	0	0	0	0	0	0	0	0	0	0	0	0	0	0	1	1	1	0	0	0	0	0	1	0	0	0	1	1	0	0	1	0	0	0	0	0	1	0	1	0	0	0	0	1	0	1	1	0	0	0	1	0	0	1	0	1	1	0	1	1	1	0	1	1	0	0	0	0	0	0	1	1	0	0	0	1	0	0	1	0	1	0	0	0	1	1	0	0	0	0	0	1	0	1	1	0	0	1	1	1	0	0	1	0	0	1	0	1	0	0	0	0	0	0	0	0	1	0	0	1	0	0	1	0	1	0	0	0	0	0	0	1	1	0	0	0	0	1	0	1	0	0	0	0
Ivo	12	0	0	1	0	0	0	0	0	0	0	0	0	0	0	0	0	0	0	0	0	1	1	1	0	0	0	0	0	1	0	0	0	0	1	0	0	1	0	0	0	1	0	1	0	1	0	0	0	0	1	0	1	1	1	0	1	1	0	0	1	0	1	1	0	1	1	1	0	1	1	1	0	1	0	0	0	1	1	0	0	0	1	0	1	1	0	1	0	0	0	1	1	0	0	0	0	0	1	0	1	1	0	0	1	1	1	0	0	1	0	0	1	0	0	1	0	1	0	1	0	0	0	1	0	0	1	0	0	1	0	1	0	1	0	0	0	0	1	1	0	0	0	0	1	0	1	0	0	0	1
Ivo	13	0	0	1	0	0	0	0	0	0	0	0	0	0	0	0	0	0	0	0	0	1	1	0	0	0	0	0	0	1	0	0	0	0	1	0	0	0	0	0	0	0	0	1	0	0	0	0	0	0	1	0	1	1	1	0	0	1	0	0	0	0	1	1	0	1	0	0	1	1	0	1	0	0	0	0	0	1	0	0	1	0	1	0	0	1	0	0	1	0	0	1	1	0	0	0	0	0	1	0	1	1	0	0	0	0	1	0	0	1	0	0	1	0	1	1	0	1	0	1	0	0	0	1	0	0	1	0	0	1	0	1	0	1	0	1	0	0	1	1	0	0	1	0	1	0	1	0	1	0	0
Ivo	14	0	0	1	0	0	0	0	0	0	0	0	0	0	0	0	0	0	0	0	0	1	0	1	0	0	0	0	0	1	0	0	0	0	1	0	0	1	0	0	0	1	0	1	0	0	1	0	0	1	1	0	1	1	1	0	1	1	0	1	1	1	1	0	0	1	1	1	0	1	1	1	0	1	0	1	0	1	1	1	0	0	1	0	1	1	0	1	1	0	0	1	1	0	1	1	1	0	1	0	1	1	0	1	0	1	1	0	0	1	0	1	1	0	1	1	0	1	1	1	0	0	1	1	0	0	1	1	0	1	1	1	0	1	0	0	0	0	1	1	0	0	0	0	1	0	1	0	0	0	1
Ivo	16	0	1	1	0	0	0	1	0	0	0	0	0	0	0	0	0	0	0	0	0	1	1	1	0	0	0	0	0	1	0	0	0	0	1	0	0	1	0	0	0	0	0	1	0	1	0	0	0	1	1	0	1	1	0	0	0	1	0	0	1	0	1	0	0	0	1	0	0	1	0	1	0	0	0	0	0	1	1	0	0	0	1	0	0	1	0	0	0	0	0	1	1	0	0	0	0	0	1	0	1	1	0	0	1	1	1	0	0	1	0	0	1	0	0	1	0	1	0	1	0	0	0	1	0	0	1	1	0	1	1	1	0	1	0	0	0	0	1	1	0	0	0	0	1	0	1	0	0	0	0
Ivo	17	0	0	1	0	0	0	0	0	0	0	0	0	0	0	0	0	0	0	0	0	1	1	0	0	0	0	0	0	1	0	0	0	0	1	0	0	1	0	0	0	0	0	1	0	1	0	0	0	1	1	0	1	1	0	0	0	1	0	0	1	0	1	0	0	1	1	0	1	1	0	1	0	1	0	0	0	1	1	0	1	0	1	0	1	1	0	1	0	0	0	1	1	0	0	0	0	0	1	0	1	1	0	0	1	1	1	0	0	1	0	0	1	0	0	1	0	1	0	1	0	0	0	1	0	0	1	1	0	1	0	1	0	1	0	0	0	0	1	1	0	0	0	0	1	0	1	0	0	0	0
Ivo	18	0	0	1	0	0	0	0	0	0	0	0	0	0	0	0	0	0	0	0	0	1	1	0	0	0	0	0	0	1	0	0	0	0	1	0	0	1	0	0	0	0	0	1	0	1	0	0	0	1	1	0	1	1	1	0	0	1	0	0	1	0	1	0	0	1	1	0	1	1	1	1	0	1	0	0	0	1	1	0	1	0	1	0	1	1	0	1	0	0	0	1	1	0	0	1	1	0	1	0	1	1	0	0	1	1	1	0	0	1	0	1	1	0	0	1	0	1	0	1	0	0	0	1	0	0	1	1	0	1	0	1	0	1	0	0	0	0	1	1	0	0	0	0	1	0	1	0	0	0	1
Ivo	19	0	1	1	0	0	0	0	0	0	0	0	0	0	0	0	0	0	0	0	0	1	1	1	0	0	0	0	0	1	0	0	0	1	1	0	0	1	0	0	0	0	0	1	0	0	1	0	0	1	1	0	1	1	0	0	0	1	0	0	1	0	1	0	0	1	0	0	1	1	0	0	0	0	0	0	0	1	1	0	1	0	1	0	0	1	0	0	0	0	0	1	1	0	0	0	0	0	1	0	1	1	0	0	0	1	0	0	0	1	0	0	1	0	0	1	0	0	0	0	0	0	0	1	0	0	1	0	0	1	0	1	0	1	0	0	0	0	1	1	0	0	0	0	1	0	1	0	0	0	0
Ivo	20	0	0	1	0	0	0	0	0	0	0	0	0	0	0	0	0	0	0	0	0	1	1	0	0	0	0	0	0	1	0	0	0	0	1	0	0	1	0	1	0	1	0	1	0	1	0	0	0	1	1	0	1	1	1	0	1	1	0	1	1	0	1	1	0	1	0	1	1	1	0	1	0	1	0	0	0	1	1	0	1	0	1	0	1	1	0	1	1	0	0	1	1	0	0	0	0	0	1	0	1	1	0	1	0	1	1	0	0	1	0	0	1	0	0	1	0	1	1	1	0	0	0	1	0	0	1	0	0	1	0	1	0	1	0	0	0	0	1	1	0	0	0	0	1	0	1	0	0	0	0
Ivo	21	0	1	1	0	0	0	0	0	0	0	0	0	0	0	0	0	0	0	0	0	1	0	1	0	0	0	0	0	1	0	0	0	0	1	0	0	1	0	0	0	0	0	1	0	0	0	0	0	0	1	0	1	1	0	0	0	1	0	0	1	0	1	1	0	1	1	1	1	1	0	1	0	0	0	0	0	1	1	0	1	0	1	0	1	1	0	0	1	0	0	1	1	0	0	0	0	0	1	0	1	1	0	0	1	0	0	0	0	1	0	0	1	0	0	1	0	0	0	0	0	0	0	1	0	0	1	0	0	1	0	1	0	1	0	0	0	0	1	1	0	0	0	0	1	0	1	0	0	0	1
Ivo	22	0	0	1	0	0	0	0	0	0	0	0	0	0	0	0	0	0	0	0	0	1	0	1	0	0	0	0	0	1	1	0	0	0	1	0	0	1	0	0	0	1	0	1	0	1	0	0	0	1	1	0	1	1	1	0	1	1	0	1	1	0	1	1	0	1	1	1	1	1	0	1	0	0	1	0	0	1	1	0	1	0	1	0	0	1	0	1	0	1	0	1	1	0	0	0	0	0	1	0	1	1	0	1	0	1	1	0	0	1	0	1	1	0	0	1	0	1	1	1	0	0	0	1	0	0	1	0	0	1	0	1	0	1	0	0	0	0	1	1	0	0	0	0	1	0	1	0	0	0	1
Ivo	23	0	1	1	0	0	0	0	0	0	0	0	0	0	0	0	0	0	0	0	0	1	1	1	0	0	0	0	0	1	0	0	0	0	1	0	0	1	0	0	0	0	0	1	0	1	0	0	0	0	1	0	1	1	0	0	1	1	0	0	0	0	0	0	0	1	1	0	1	1	0	0	0	0	0	0	0	1	1	0	1	0	1	0	1	1	0	0	0	0	0	1	1	0	0	0	0	0	1	0	1	1	0	0	1	1	1	0	0	1	0	0	1	0	0	1	0	1	0	0	0	0	0	1	0	0	1	1	0	1	0	1	0	1	0	0	0	0	1	1	0	0	0	0	1	0	1	0	0	0	0
Ivo	24	0	0	1	0	0	0	0	0	0	0	0	0	0	0	0	0	0	0	0	0	1	1	0	0	0	0	0	0	1	0	0	0	1	1	0	0	1	0	0	0	1	0	1	0	1	0	0	0	1	1	0	1	1	0	0	0	1	0	0	1	0	1	1	0	1	1	1	1	1	1	0	0	0	0	0	0	1	1	0	1	0	1	0	0	1	0	1	0	0	0	1	1	0	0	0	0	0	1	0	1	1	0	0	0	1	1	0	0	1	0	0	1	1	0	0	0	1	0	0	0	0	0	1	0	0	1	0	0	1	0	1	0	0	0	0	0	0	1	1	0	0	0	0	1	0	1	0	0	0	0
Ivo	25	0	0	1	0	0	0	0	0	0	0	0	0	0	0	0	0	0	0	0	0	1	1	0	0	0	0	0	0	1	0	0	0	1	1	0	0	1	0	0	0	1	0	0	0	0	0	0	0	0	1	0	1	1	0	0	0	1	0	0	1	0	0	1	0	1	1	1	0	1	0	0	0	0	0	0	0	1	1	0	1	0	1	0	0	1	0	0	1	0	0	1	1	0	0	0	0	0	1	0	1	1	0	0	0	1	1	0	0	1	0	0	1	0	0	1	0	0	0	0	0	0	0	1	0	0	0	0	0	1	0	1	0	1	0	0	0	0	1	0	0	0	0	0	1	0	1	0	0	0	0
Ivo	26	0	1	1	0	0	0	0	0	0	0	0	0	0	0	0	0	0	0	0	0	1	1	1	0	0	0	0	0	1	0	0	0	0	1	0	0	1	0	0	0	0	0	1	0	1	0	0	0	1	1	0	1	1	0	0	1	1	0	0	1	0	1	1	0	1	0	1	1	1	1	1	0	0	0	0	0	1	1	0	1	0	1	0	1	1	0	1	0	0	0	1	1	0	0	0	0	0	1	0	1	1	0	0	1	0	0	0	0	1	0	1	0	0	0	1	0	1	0	1	0	0	0	1	0	0	1	1	0	1	1	1	0	0	1	0	0	0	1	1	0	0	0	0	1	0	1	0	0	0	0
Ivo	27	0	0	1	0	0	0	0	0	0	1	0	0	0	0	0	0	0	0	0	0	1	1	1	0	0	0	0	0	1	0	1	0	1	1	0	1	1	0	0	0	1	1	1	0	1	0	0	0	1	1	0	1	1	0	0	1	1	0	1	1	0	1	1	0	1	0	1	1	1	1	1	0	0	0	0	0	1	1	0	1	0	1	0	1	1	0	1	1	0	0	1	1	0	0	1	1	0	1	0	1	1	0	0	1	1	1	0	0	1	0	0	1	0	0	1	0	1	0	0	0	0	0	1	0	0	1	0	0	1	0	1	0	1	0	0	0	0	1	1	0	0	0	0	1	0	1	0	0	0	0
Ivo	28	0	1	1	0	0	0	0	0	0	0	0	0	0	0	0	0	0	0	0	0	0	1	0	0	0	0	0	0	1	0	0	0	0	1	0	0	1	0	0	0	0	0	1	0	1	0	0	0	1	1	0	1	1	1	0	1	1	0	1	1	0	1	1	0	1	0	0	1	1	1	1	0	1	0	0	0	1	1	0	1	0	1	0	1	1	0	1	1	0	0	1	1	0	0	1	1	0	1	0	1	1	0	0	0	1	1	0	0	1	0	1	1	0	1	1	0	1	0	1	0	0	0	1	0	0	1	1	0	1	1	1	1	1	0	0	0	0	1	1	0	0	0	0	1	0	1	0	0	0	0
Ivo	29	0	1	1	0	0	0	0	0	0	1	0	0	0	0	0	0	0	0	1	0	1	1	1	0	0	0	0	0	1	0	0	0	1	1	0	1	1	0	0	0	0	1	1	1	0	1	0	0	1	1	0	1	1	0	0	0	1	0	0	1	0	1	0	0	0	1	1	0	1	1	0	0	0	0	0	0	1	1	0	0	0	1	0	0	1	0	1	0	0	0	1	1	0	0	1	1	0	1	0	1	1	0	0	1	0	0	0	0	1	0	0	0	1	0	1	0	1	1	0	0	0	0	1	0	0	1	1	0	1	0	1	0	1	0	0	0	0	1	1	0	0	0	0	1	0	1	0	0	0	1
Ivo	30	0	0	1	0	0	0	0	0	0	0	0	0	0	0	0	0	0	0	0	0	1	1	1	0	0	0	0	0	1	0	0	0	1	1	0	0	1	0	0	0	0	0	1	0	0	1	0	0	1	1	0	1	1	0	0	0	1	0	1	1	0	1	0	0	1	0	1	0	1	1	1	0	1	0	0	0	1	1	0	0	0	1	0	0	1	0	1	0	0	0	1	1	0	0	1	1	0	1	0	1	1	0	0	1	0	0	0	0	1	0	0	1	0	0	1	0	1	0	1	0	0	0	1	0	0	1	1	0	1	0	1	0	1	0	0	0	0	1	1	0	0	0	0	1	0	1	0	0	0	1
Ivo	31	0	0	1	0	0	0	0	0	0	1	0	0	0	0	0	0	0	0	0	0	1	1	1	0	0	0	0	0	1	0	0	0	1	1	0	0	1	0	0	0	1	1	1	0	0	1	0	0	1	1	0	1	1	1	0	1	1	0	0	1	0	1	0	0	1	0	1	1	1	1	1	0	1	0	0	0	1	1	0	1	0	1	0	0	1	0	1	1	0	0	1	1	0	0	1	1	0	1	0	1	1	0	0	0	1	1	0	0	1	0	0	1	0	0	1	0	1	0	0	0	0	0	1	0	0	0	0	0	1	0	1	0	1	0	0	0	0	1	1	0	0	0	0	1	0	1	0	0	0	1
Ivo	32	0	0	1	0	0	0	0	0	0	1	0	0	0	0	0	0	0	0	0	0	1	1	1	0	0	0	0	0	1	1	0	0	1	1	0	1	1	0	0	0	1	0	1	0	1	1	0	0	1	1	0	1	1	0	0	1	1	0	1	1	0	1	0	0	1	1	0	1	1	1	1	0	0	0	0	0	1	1	0	1	0	1	0	0	1	0	1	1	0	0	1	1	0	0	1	1	1	1	0	1	1	0	0	0	0	0	0	0	1	0	0	1	0	0	1	0	1	0	0	0	0	0	1	0	0	1	0	0	1	0	1	0	1	0	0	0	0	1	0	0	0	0	0	1	0	1	0	0	0	1
Pip	1	0	0	1	0	0	0	0	0	0	0	0	0	0	0	0	0	0	0	0	0	1	0	1	0	0	0	0	0	1	0	0	0	0	1	0	0	1	0	0	0	0	1	1	0	0	1	0	0	1	1	0	1	1	0	0	0	1	0	0	1	0	1	1	0	0	1	1	0	1	1	0	0	0	0	0	0	1	1	0	1	0	1	0	0	1	0	0	0	1	0	1	1	0	0	1	1	0	1	0	1	1	0	0	0	0	0	0	0	1	0	0	1	0	0	1	0	1	0	1	0	0	0	1	0	0	1	0	0	1	0	1	0	1	0	0	0	0	1	1	0	0	0	0	1	0	1	0	0	0	1
Pip	2	0	0	1	0	0	0	0	0	0	1	0	0	0	0	0	0	0	0	0	0	1	0	1	0	0	0	0	0	1	0	0	0	0	1	0	0	1	0	0	0	0	0	1	0	0	1	0	0	1	1	0	1	1	1	0	0	1	0	1	1	1	0	1	0	1	1	1	0	1	0	1	0	1	0	0	0	1	1	0	1	0	1	0	0	1	0	1	0	1	0	1	1	0	0	1	1	0	1	0	1	1	0	0	1	0	0	0	0	1	0	1	1	0	0	1	0	1	0	1	0	0	0	1	0	0	1	1	0	1	1	1	0	1	0	0	0	1	1	1	1	0	0	0	1	0	1	0	0	0	1
Pip	3	0	0	1	0	1	0	0	0	0	1	0	0	0	0	0	0	0	0	1	0	1	0	1	0	0	0	0	0	1	0	0	0	1	1	0	0	1	0	0	0	0	1	1	0	0	1	0	0	0	1	0	1	1	1	0	0	1	0	0	1	0	1	1	1	0	1	1	1	1	1	1	0	1	0	0	0	1	1	0	1	0	1	0	0	1	0	0	0	1	0	1	1	0	0	1	1	0	1	0	1	1	0	0	0	0	0	0	0	1	0	0	1	0	1	0	0	1	0	1	0	0	0	1	0	0	1	0	0	1	1	1	0	1	0	0	0	0	1	0	0	0	0	0	1	0	1	0	0	0	1
Pip	4	0	0	1	0	0	0	0	0	0	0	0	0	0	0	0	0	0	0	0	0	1	0	0	0	0	0	0	0	1	0	0	0	0	1	0	0	1	0	0	0	0	0	1	0	0	0	0	0	1	1	0	1	1	0	0	0	1	0	0	0	1	0	1	0	0	1	1	0	1	0	0	0	0	0	0	0	1	1	0	1	0	1	0	0	1	0	0	0	0	0	0	1	0	0	0	0	0	1	0	1	1	0	0	1	0	0	0	0	1	0	0	1	0	0	1	0	1	0	1	0	0	0	1	0	0	1	0	0	1	1	1	0	1	0	0	0	0	1	1	0	0	0	0	1	0	1	0	0	0	1
Pip	5	0	1	1	0	0	0	0	0	0	1	0	1	0	0	0	0	0	0	1	0	1	1	1	0	0	0	0	0	1	0	0	0	1	1	0	1	1	0	0	0	0	1	1	0	0	1	0	0	1	1	0	1	1	1	0	0	1	0	0	1	0	1	1	1	0	1	1	0	1	1	1	0	1	0	0	0	1	1	0	1	0	1	0	0	1	0	0	0	1	0	1	1	0	0	1	1	0	1	0	1	1	0	0	0	1	1	0	0	1	0	0	1	0	0	1	0	1	0	1	0	0	0	1	0	0	1	0	0	1	1	0	0	0	0	0	0	0	1	0	0	0	0	0	1	0	1	0	0	0	1
Pip	6	0	1	1	0	0	0	0	0	0	0	0	0	0	0	0	0	0	0	0	0	1	0	1	0	0	0	0	0	1	0	0	0	0	1	0	0	1	0	0	0	0	0	1	0	0	1	0	0	1	1	0	1	1	0	0	0	1	0	0	1	1	0	1	0	0	1	1	0	1	0	0	0	0	0	0	0	1	1	0	1	0	1	0	0	1	0	0	0	0	0	0	1	0	0	0	0	0	1	0	1	1	0	0	0	0	0	0	0	1	0	0	1	0	0	1	0	1	0	1	0	0	0	1	0	0	1	0	0	1	1	1	0	1	0	0	0	0	1	1	0	0	0	0	1	0	1	0	0	0	0
Pip	7	0	1	1	0	0	0	0	0	0	0	0	0	0	0	0	0	0	0	0	0	1	0	0	0	0	0	0	0	1	0	0	0	0	1	0	0	1	0	0	0	0	0	1	0	0	0	0	0	1	1	0	1	1	0	0	0	1	0	0	0	0	1	1	0	0	1	0	0	1	0	0	0	0	0	0	0	1	1	0	1	0	1	0	0	1	0	0	0	0	0	0	1	0	0	0	0	0	1	1	0	1	0	0	1	0	0	0	0	1	0	0	1	0	0	1	0	1	0	1	0	0	0	1	0	0	1	0	0	1	1	1	0	1	0	0	0	0	1	1	0	0	0	0	1	0	1	0	0	0	0
Pip	8	0	1	1	0	0	0	0	0	0	0	0	0	0	0	0	0	0	0	1	0	1	1	1	0	0	0	0	0	1	0	0	0	0	1	0	0	1	0	0	0	0	0	1	0	0	1	0	0	1	1	0	1	1	0	0	0	1	0	0	0	1	1	1	0	0	1	0	0	1	0	1	0	0	0	0	0	1	1	0	1	0	1	0	0	1	0	0	0	0	0	1	1	0	0	0	0	0	1	0	1	1	0	0	0	1	1	0	0	1	0	0	1	0	0	1	0	1	0	1	0	0	0	1	0	0	1	0	0	1	1	0	0	0	1	0	0	0	1	1	0	0	0	0	1	0	1	0	0	0	0
Pip	9	0	1	1	0	0	0	0	0	0	0	0	0	0	0	0	0	0	0	0	0	1	1	1	0	0	0	0	0	1	0	0	0	0	1	0	0	1	0	0	0	0	0	1	0	0	0	0	0	0	1	0	1	1	0	0	0	1	0	0	1	0	1	1	0	0	1	1	0	1	0	0	0	0	0	0	0	1	1	0	1	0	1	0	1	1	0	0	0	0	0	1	1	0	0	0	0	0	1	0	1	1	0	0	0	1	1	0	0	1	0	0	1	0	0	0	0	0	0	1	0	0	0	1	0	0	1	0	0	1	1	0	0	0	1	0	0	0	1	1	0	0	0	0	1	0	1	0	0	0	0
Pip	10	0	0	1	0	0	0	0	0	0	1	0	0	0	0	0	0	0	0	0	0	1	0	1	0	0	0	0	0	1	0	0	0	1	1	0	0	1	0	0	0	0	1	1	0	0	1	0	0	1	1	0	0	0	0	0	0	0	0	0	0	0	0	0	0	0	0	0	0	0	0	0	0	0	0	0	0	0	0	0	0	0	0	0	0	0	0	0	0	0	0	0	0	0	0	0	0	0	0	0	0	1	0	0	0	0	0	0	0	1	0	0	1	0	1	0	0	1	0	1	0	0	0	1	0	0	0	0	0	1	1	1	0	1	0	0	0	0	1	1	0	0	0	0	1	0	1	0	0	0	0
Pip	11	0	0	0	0	0	0	0	0	0	0	0	0	0	0	0	0	0	0	0	0	0	0	0	0	0	0	0	0	0	0	0	0	0	0	0	0	0	0	0	0	0	0	0	0	0	0	0	0	0	0	0	0	0	0	0	0	0	0	0	0	0	0	0	0	0	0	0	0	0	0	0	0	0	0	0	0	0	0	0	0	0	0	0	0	0	0	0	0	0	0	0	0	0	0	0	0	0	0	0	0	0	0	0	0	0	0	0	0	0	0	0	0	0	0	0	0	0	0	0	0	0	0	0	0	0	0	0	0	0	0	0	0	0	0	0	0	0	0	0	0	0	0	0	0	0	0	0	0	0	0
Pip	12	0	0	1	0	0	0	0	0	0	0	0	0	0	0	0	0	0	0	0	0	1	0	1	0	0	0	0	0	1	0	0	0	0	1	0	0	1	0	0	0	0	0	1	0	0	1	0	0	1	1	0	0	1	0	0	0	1	0	0	1	1	0	1	0	0	1	1	0	1	0	0	0	0	0	0	0	1	1	0	1	0	1	0	0	1	0	0	0	0	0	1	1	0	0	0	0	0	1	0	1	1	0	0	0	0	0	0	0	1	0	0	0	0	0	1	0	1	0	1	0	0	0	0	0	0	1	0	0	1	1	1	0	1	0	0	0	0	1	1	0	0	0	0	1	0	1	0	0	1	0
Pip	13	0	0	1	0	0	0	0	0	0	1	0	0	0	0	0	0	0	0	0	0	1	0	1	0	0	0	0	0	1	0	0	0	1	1	0	1	1	0	0	0	0	1	1	0	0	1	0	0	1	1	0	1	1	0	0	0	1	0	0	1	0	1	1	0	0	1	1	0	1	0	1	0	0	0	0	0	1	1	0	1	0	1	0	0	1	0	0	0	1	0	1	1	0	0	1	1	0	1	0	1	1	0	0	0	0	0	0	0	1	0	0	1	0	1	0	0	1	0	1	0	0	0	1	0	0	1	0	0	1	1	1	0	1	0	0	0	0	1	1	0	0	0	0	1	0	1	0	0	0	0
Pip	14	0	1	1	0	0	0	0	0	0	1	0	0	0	0	0	0	0	0	1	0	1	1	1	0	0	0	0	0	1	0	0	0	1	1	0	0	1	0	0	0	0	0	1	0	0	1	0	0	1	1	0	1	1	0	0	0	1	0	0	1	1	1	1	0	0	1	1	0	1	0	0	0	1	0	0	0	1	1	0	1	0	1	0	0	1	0	0	0	1	0	1	0	0	0	1	1	0	1	0	1	1	0	0	0	1	1	0	0	1	0	0	1	0	1	0	0	1	0	1	0	0	0	1	0	0	1	0	0	1	1	0	0	0	0	0	0	0	1	0	0	0	0	0	1	0	1	0	0	0	0
Pip	15	0	1	1	0	0	0	0	0	0	1	0	0	0	0	0	0	0	0	0	0	1	0	1	0	0	0	0	0	1	0	0	0	0	1	0	0	1	0	0	0	0	0	1	0	0	1	0	0	1	1	0	1	1	0	0	0	1	0	0	1	1	0	0	0	1	1	1	0	1	0	1	0	0	0	0	0	1	1	0	1	0	1	0	1	1	0	1	0	0	0	1	1	0	0	0	0	0	1	0	1	1	0	0	0	0	0	0	0	1	0	1	1	0	0	1	0	1	0	1	0	0	0	1	0	0	1	0	0	1	1	1	0	1	0	0	0	1	1	1	0	0	0	0	1	0	1	0	0	0	1
Pip	16	0	0	1	0	0	0	0	0	0	0	0	0	0	0	0	0	0	0	0	0	1	1	1	0	0	0	0	0	1	0	0	0	0	1	0	0	1	0	0	0	0	0	1	0	0	1	0	0	1	1	0	1	1	0	0	0	1	0	0	1	1	0	1	0	0	1	0	1	1	0	0	0	0	0	0	0	1	1	0	1	0	1	0	0	1	0	0	0	0	0	1	1	0	0	0	0	0	1	0	1	1	0	0	0	0	0	0	0	1	0	0	1	0	0	1	0	1	0	1	0	0	0	1	0	0	1	0	0	1	1	1	0	1	0	0	0	0	1	1	0	0	0	0	1	0	1	0	0	0	1
Pip	17	0	1	1	0	1	0	0	0	0	1	0	0	0	0	0	0	0	0	1	0	1	0	1	0	0	0	0	0	1	0	1	0	1	1	0	0	1	0	0	0	0	0	1	0	0	1	0	0	1	1	0	1	1	1	0	0	1	0	1	1	1	1	1	0	0	1	1	0	1	1	0	0	0	0	0	0	1	1	0	1	0	1	0	0	1	0	0	0	1	1	1	1	0	0	1	1	0	1	0	1	1	0	0	0	1	1	0	0	1	0	0	1	0	0	1	0	1	0	0	0	0	0	1	0	0	1	0	0	1	1	1	0	1	0	0	0	0	1	0	0	0	0	0	1	0	1	0	0	0	0
Pip	18	0	0	0	0	0	0	0	0	0	0	0	0	0	0	0	0	0	0	0	0	1	0	1	0	0	0	0	0	1	0	0	0	0	1	0	0	0	0	0	0	0	0	1	0	0	0	0	0	0	1	0	0	0	0	0	0	0	0	0	0	0	1	0	0	0	0	0	0	0	0	0	0	0	0	0	0	0	0	0	0	0	0	0	0	1	0	0	0	0	0	0	0	0	0	0	0	0	1	0	1	0	0	0	0	0	0	0	0	1	0	0	0	0	0	0	0	0	0	0	0	0	0	1	0	0	0	0	0	0	0	0	0	0	0	0	0	0	0	0	0	0	0	0	0	0	0	0	0	0	0
Pip	19	0	1	1	0	0	0	0	0	0	0	0	0	0	0	0	0	0	0	0	0	1	1	1	0	0	0	0	0	1	0	0	0	0	1	0	0	1	0	0	0	0	0	1	0	0	0	0	0	1	1	0	1	1	0	0	0	1	0	0	1	1	0	1	0	0	1	0	1	1	0	0	0	0	0	0	0	1	1	0	1	0	1	0	0	1	0	0	0	1	0	1	1	0	0	1	1	0	1	0	1	1	0	0	0	1	1	0	0	1	0	0	1	0	0	1	0	1	0	1	0	0	0	1	0	0	1	0	0	1	0	1	0	0	0	0	0	0	1	0	0	0	0	0	1	0	1	0	0	0	0
Pip	20	0	1	1	0	1	0	0	0	0	1	0	1	0	0	0	0	0	0	1	0	1	1	1	0	0	0	0	0	1	0	1	0	1	1	0	1	1	0	0	0	0	0	1	0	0	1	0	0	1	1	0	1	1	0	0	0	1	0	1	1	0	1	1	0	1	1	1	1	0	1	0	0	1	0	0	0	1	1	0	1	0	1	0	0	1	0	0	0	1	0	1	1	0	0	1	1	0	1	0	1	1	0	0	0	1	1	0	0	1	0	0	1	0	0	1	0	1	0	1	0	0	0	1	0	0	1	0	0	1	1	1	0	0	0	0	0	0	1	1	0	0	0	0	1	0	1	0	0	0	1
Pip	21	0	1	1	0	0	0	0	0	0	0	0	0	0	0	0	0	0	0	0	0	1	0	1	0	0	0	0	0	1	0	0	0	0	1	0	0	1	0	0	0	0	0	1	0	0	1	0	0	1	1	0	1	1	0	0	0	1	0	1	0	1	0	1	1	1	1	1	0	1	1	1	0	1	0	0	0	1	1	0	1	0	1	0	1	1	0	1	0	0	0	1	1	0	0	1	1	0	1	0	1	1	0	0	1	0	0	0	0	1	0	0	1	0	0	1	0	1	0	1	0	0	0	1	0	0	1	0	0	1	1	1	0	1	0	0	0	0	1	1	0	0	0	0	1	0	1	0	0	0	1
Pip	22	0	0	1	0	0	0	0	0	0	1	0	0	0	0	0	0	0	0	0	0	1	0	1	0	0	0	0	0	1	0	0	0	0	1	0	0	1	0	0	0	0	0	1	0	0	0	0	0	1	1	0	1	1	0	0	0	1	0	0	0	0	1	1	0	0	1	1	1	1	0	1	0	0	0	0	0	1	1	0	1	1	1	0	0	1	0	1	0	0	1	1	1	0	0	1	1	0	1	0	1	1	0	0	1	0	0	0	0	1	0	0	1	0	1	0	0	1	1	1	0	0	0	1	0	0	1	0	0	1	1	0	0	0	0	0	0	1	1	1	0	0	0	0	1	0	1	0	0	0	0
Pip	23	0	0	1	0	0	0	0	0	0	1	0	0	0	0	0	0	0	0	0	0	1	0	1	0	0	0	0	0	1	0	0	0	0	1	0	0	1	0	0	0	0	0	1	0	0	1	0	0	1	1	0	1	1	0	0	0	1	0	0	0	1	0	1	0	0	1	1	1	1	0	0	0	0	0	0	0	1	1	0	1	0	1	0	0	1	0	1	0	0	0	0	1	0	0	1	1	0	1	0	1	0	0	0	1	0	0	0	0	1	0	0	1	0	0	1	0	1	0	1	0	1	1	1	0	0	1	0	0	1	1	0	1	0	0	1	1	1	1	1	0	0	0	0	1	0	1	0	0	0	0
Pip	24	0	1	1	0	0	0	0	0	0	0	0	0	0	0	0	0	0	0	0	0	1	0	1	0	0	0	0	0	1	0	0	0	0	1	0	0	1	0	0	0	0	0	1	0	0	0	0	0	1	1	0	1	1	0	0	0	0	0	0	1	1	1	1	0	0	1	1	0	1	0	0	0	0	0	0	0	1	1	0	1	0	1	0	0	1	0	0	0	0	0	1	1	0	0	0	0	0	1	0	1	1	0	1	0	0	0	0	0	1	0	0	1	0	0	1	0	1	0	1	0	0	0	1	0	0	1	0	0	1	0	1	0	1	0	0	0	0	1	1	0	0	0	0	1	0	1	0	0	0	0
Pip	25	0	0	1	0	0	0	0	0	0	0	0	0	0	0	0	0	0	0	0	0	1	0	1	0	0	0	0	0	1	0	1	0	1	1	0	0	1	0	0	0	0	0	1	0	0	1	0	0	1	1	0	1	1	1	0	1	1	0	1	1	1	0	1	1	1	1	0	0	1	1	1	0	1	0	0	0	1	1	0	1	0	1	0	1	1	0	1	0	1	1	1	1	0	0	1	1	0	1	0	1	1	0	1	0	0	0	0	0	1	0	1	1	0	0	1	0	1	0	1	0	0	0	1	0	0	1	1	0	1	1	1	1	0	1	0	0	1	1	1	1	0	0	0	1	0	1	0	0	0	1
Pip	26	0	1	1	0	0	0	0	0	0	0	0	0	0	0	0	0	0	0	1	0	1	0	1	0	0	0	0	0	1	0	0	0	0	1	0	0	1	0	0	0	0	0	1	0	0	1	0	0	1	1	0	1	1	0	0	0	1	0	0	1	1	1	1	0	0	1	0	0	1	0	1	0	0	0	0	0	1	1	0	1	0	1	0	0	1	0	0	0	0	0	1	1	0	0	1	1	0	1	0	1	1	0	0	0	1	1	0	0	1	0	0	1	0	0	1	0	1	0	1	0	0	0	1	0	0	1	0	0	1	1	1	0	1	0	0	0	0	1	1	0	0	0	0	1	0	1	0	0	0	1
Pip	27	0	0	0	0	0	0	0	0	0	0	0	0	0	0	0	0	0	0	0	0	0	0	0	0	0	0	0	0	0	0	0	0	0	0	0	0	0	0	0	0	0	0	0	0	0	0	0	0	0	0	0	0	0	0	0	0	0	0	0	0	0	0	0	0	0	0	0	0	0	0	0	0	0	0	0	0	0	0	0	0	0	0	0	0	0	0	0	0	0	0	0	0	0	0	0	0	0	0	0	0	0	0	0	0	0	0	0	0	0	0	0	0	0	0	0	0	0	0	0	0	0	0	0	0	0	0	0	0	0	0	0	0	0	0	0	0	0	0	0	0	0	0	0	0	0	0	0	0	0	0
Pip	28	0	1	1	0	0	0	0	0	0	0	0	0	0	0	0	0	0	0	0	0	1	0	1	0	0	0	0	0	1	0	0	0	0	1	0	0	1	0	0	0	0	0	1	0	0	1	0	0	1	1	0	1	1	0	0	0	1	0	0	1	1	0	1	0	1	1	1	0	1	0	1	0	0	0	0	0	1	1	0	1	0	1	0	1	1	0	1	0	0	0	1	1	0	0	1	1	0	1	0	1	1	0	0	0	0	0	0	0	1	0	1	1	0	0	1	0	1	0	1	0	0	0	1	0	0	1	0	0	1	1	1	0	1	0	0	0	1	1	1	0	0	0	0	1	0	1	0	0	0	1
Pip	29	0	1	1	0	0	0	0	0	0	0	0	0	0	0	0	0	0	0	0	0	1	1	1	0	0	0	0	0	1	0	0	0	0	1	0	0	1	0	0	0	0	0	1	0	0	0	0	0	1	1	0	1	1	0	0	0	1	0	0	1	1	1	1	0	0	1	0	0	1	0	0	0	0	0	0	0	1	1	0	1	0	1	0	0	1	0	0	0	0	0	0	1	0	0	0	0	0	1	0	1	1	0	0	1	0	0	0	0	1	0	0	1	0	0	1	0	1	0	1	0	0	0	1	0	0	1	0	0	1	1	0	0	0	1	0	0	0	1	1	0	0	0	0	1	0	1	0	0	0	1
Pip	30	0	1	1	0	0	0	0	0	0	0	0	0	0	0	0	0	0	0	0	0	1	0	1	0	0	0	0	0	1	0	0	0	0	1	0	0	1	0	0	0	0	0	1	0	0	1	0	0	1	1	0	1	1	0	0	0	1	0	0	0	1	0	1	0	0	1	1	0	1	0	1	0	0	0	0	0	1	1	0	1	0	1	0	0	1	0	0	0	0	0	0	1	0	0	0	0	0	1	0	1	1	0	0	1	0	0	0	0	1	0	0	1	0	0	1	0	1	0	1	0	0	0	1	0	0	1	0	0	1	1	1	0	1	0	0	0	0	1	1	0	0	0	0	1	0	1	0	0	0	0
Pip	31	0	0	1	0	0	0	0	0	0	0	0	0	0	0	0	0	0	0	0	0	0	1	1	0	0	0	0	0	1	0	0	0	0	1	0	0	1	0	0	0	0	0	1	0	0	1	0	0	1	1	0	1	1	0	0	0	1	0	0	1	1	1	0	0	0	1	0	0	1	0	1	0	0	0	0	0	1	1	0	1	0	1	0	0	1	0	1	0	0	0	1	1	0	0	1	1	0	1	0	1	1	0	0	0	1	1	0	0	1	0	1	1	0	0	1	0	1	0	1	0	0	0	1	0	0	1	0	0	1	1	1	0	0	1	0	0	1	1	1	0	0	0	0	1	0	1	0	0	0	1
Pip	32	0	1	1	0	1	0	0	0	0	0	0	0	0	0	0	0	0	0	0	0	1	1	1	0	0	0	0	0	1	1	0	0	1	1	0	1	1	0	0	0	0	1	1	0	0	1	0	0	1	1	0	1	1	1	0	0	1	0	0	1	0	1	1	0	0	1	1	1	1	1	1	0	0	0	0	0	1	1	0	1	0	1	0	0	0	0	0	0	1	0	1	1	0	0	1	1	0	1	0	1	1	0	1	0	0	0	0	0	1	0	0	1	0	0	1	0	1	1	1	0	0	0	1	0	0	1	0	0	1	0	1	0	0	0	0	0	0	1	1	0	0	0	0	1	0	1	0	0	0	1
Pip	33	0	1	1	0	0	0	0	0	0	0	0	0	0	0	0	0	0	0	0	0	1	0	1	0	0	0	0	0	1	0	1	0	0	1	0	0	1	0	0	0	0	0	1	0	0	1	0	1	1	1	0	1	1	0	0	0	1	0	0	0	1	1	0	0	0	1	0	1	1	0	1	0	0	0	0	0	1	1	0	1	0	1	0	0	1	0	0	0	0	0	0	1	0	0	1	1	0	1	0	1	1	0	0	0	1	1	0	0	1	0	1	1	0	0	1	0	1	0	1	0	0	0	1	0	0	1	0	0	1	1	0	0	0	0	0	0	1	1	1	0	0	0	0	1	0	1	0	0	0	0
Pip	34	0	1	1	0	0	0	0	0	0	1	0	0	0	0	0	0	0	0	0	0	1	0	1	0	0	0	0	0	1	0	0	0	0	1	0	0	1	0	0	0	0	0	1	0	0	1	0	0	1	1	0	1	1	0	0	0	1	0	0	1	1	1	1	0	0	1	0	1	1	0	1	0	0	0	0	0	1	1	0	1	0	1	0	0	1	0	0	0	0	0	0	1	0	0	0	0	0	1	0	1	1	0	0	0	1	1	0	0	1	0	0	1	0	0	0	0	1	0	1	0	0	0	1	0	0	1	0	0	1	1	1	0	0	0	0	0	0	1	1	0	0	0	0	1	0	1	0	0	0	0
Pip	35	0	1	0	0	0	0	0	0	0	0	0	0	0	0	0	0	0	0	0	0	1	0	1	0	0	0	0	0	1	0	0	0	0	1	0	0	1	0	0	0	0	0	1	0	0	1	0	0	1	1	0	1	1	0	0	0	1	0	0	1	1	1	1	0	0	1	0	1	1	0	0	0	0	0	0	0	1	1	0	1	0	1	0	0	1	0	0	0	0	0	1	1	0	0	0	0	0	1	0	1	1	0	0	0	0	1	0	0	1	0	0	1	0	0	1	0	1	0	1	0	0	0	1	0	0	1	0	0	1	1	1	0	0	0	0	0	0	1	1	0	0	0	0	1	0	1	0	0	0	0
Pip	36	0	1	1	0	0	0	0	0	0	0	0	0	0	0	0	0	0	0	1	0	1	0	1	0	0	0	0	0	1	0	0	0	0	1	0	0	1	0	0	0	0	0	1	0	0	1	0	0	1	1	0	1	1	0	0	0	1	0	0	1	1	1	1	0	0	1	1	0	1	0	1	0	0	0	0	0	1	1	0	1	0	1	0	0	1	0	0	0	0	0	1	1	0	0	0	0	0	1	0	1	1	0	0	0	1	1	0	0	1	0	0	1	0	0	1	0	1	0	1	0	0	0	1	0	0	1	0	0	1	1	1	0	1	0	0	0	0	1	1	0	0	0	0	1	0	1	0	0	0	1
END